1132214158
1295993538
992450892
831133686
292020695
1306440088
1182451346
1149623043
831133415
1306440175
1182447451
1149604192
831133190
876124314
1306440081
1182442066
1149581629
831133241
876124024
1306440087
1182459919
1196836309
831133409
876124005
1306440008
1187239898
1132213879
1295996574
1341707778
831133658
292876181
1306440163
1182437960
1307778349
831133395
1306440042
1182447238
1149543819
831133199
876124030
1306440070
1182441706
1149520207
831133176
876124109
1306440100
1182447490
1254757311
831133674
876124058
1306440049
1138845738
1132214082
1341707675
879913547
831133887
292019983
1306511479
852790720
1182454134
1176085529
619494550
890367951
831133903
1306440030
850543855
1182461518
1235646839
831133764
876124309
1306440019
850546719
1182436593
1235661765
831133824
876124103
1306440078
852772162
1182451350
1235715995
1093759012
1215751808
1216994449
625352157
906842467
878053126
907985709
895271865
1382449830
831133832
876124111
1306440052
1138849187
1295998083
879177163
831132803
292020568
1306440099
850543198
1182442336
1308395345
619494403
831133266
1306440066
850546713
1182439394
1308396512
831133132
876124081
1306440050
850543195
1182447558
1308397041
831133473
876124007
1306440048
850542873
1182444286
1308398914
1317566725
1102204595
1215749730
932094237
1216994653
625352553
907253161
1108016627
1107922904
1107898753
763404379
1083720474
1322802027
831133137
876124122
1306440091
1138856706
619494416
1295999453
992451026
879179356
831133760
292899715
1306440200
850543181
1182445277
1308401207
992450903
831133750
1306440051
850543157
1182449473
1308401408
831133518
876124282
1306440126
856424522
1182452198
1138870600
831133259
876124120
1306440007
850572344
1182447066
1198414946
1317566446
1103509858
1270634978
932092862
1261441709
1216993041
906656756
1108016549
1107922775
1107899082
763405495
1348606265
831132755
876124054
1306440009
1138861501
1054920902
831133345
292020081
1306440021
850546737
1308426682
831133336
1306438698
852722598
1308426957
831133296
876124126
1306440046
850543188
1308427052
1054921924
831133368
876124098
1306440101
850543189
1308427277
831133171
876124107
1306439996
1138877910
1054924103
831133481
292999245
1306511822
850566925
1138928936
922640212
1054924275
831132735
1306439111
852724667
1188986620
1054924817
831132939
876124045
1306440171
850554898
1189013331
831132955
876124303
1306440102
850543462
1308418161
831133338
876124462
1306440203
1144783850
619494446
1341707193
879180557
831133096
292020514
1306440062
850599082
1182441991
1138943096
831133331
1306440025
850545604
1182460513
1308404256
831133402
876124453
1306440003
850554920
1182458624
1138934769
831133531
876124305
1306440011
850545608
1182435965
1144026679
831133690
876124125
1306439997
